ATE_OUTCOME: 0.3612622303540957
ATE_OUTCOME_2: 0.1176259459940449
ATE_OUTCOME_3: 0.0