ATE_OUTCOME: 0.35824470364440275
ATE_OUTCOME_2: 0.11844298826162532
ATE_OUTCOME_3: 0.0