ATE_OUTCOME: 0.3590795551110684
ATE_OUTCOME_2: 0.11657034755818894
ATE_OUTCOME_3: 0.0