ATE_OUTCOME: 0.1505725419199712
ATE_OUTCOME_2: 0.057971382435319296
ATE_OUTCOME_3: 0.0