ATE_OUTCOME: 0.11155638704232648
ATE_OUTCOME_2: 0.04156885964387207
ATE_OUTCOME_3: 0.0