ATE_OUTCOME: 0.15825524338394484
ATE_OUTCOME_2: 0.06094186535081106
ATE_OUTCOME_3: 0.0