ATE_OUTCOME: 0.3601130887786599
ATE_OUTCOME_2: 0.11184019738736997
ATE_OUTCOME_3: 0.0