ATE_OUTCOME: 0.3560434609340497
ATE_OUTCOME_2: 0.11607207558740981
ATE_OUTCOME_3: 0.0