ATE_OUTCOME: 0.35938725986766507
ATE_OUTCOME_2: 0.11154932537556543
ATE_OUTCOME_3: 0.0