ATE_OUTCOME: 0.35672064393120456
ATE_OUTCOME_2: 0.1190888362468873
ATE_OUTCOME_3: 0.0