ATE_OUTCOME: 0.14001343333976862
ATE_OUTCOME_2: 0.0542289591856809
ATE_OUTCOME_3: 0.0